time,x,y,z,phi,theta,psi,x_velocity,y_velocity,z_velocity,phi_velocity,theta_velocity,psi_velocity,rotor_speed1,rotor_speed2,rotor_speed3,rotor_speed4
0.06,-6.06219806168e-08,1.71819757875e-07,10.0006859938,0.000197042651629,7.93725603279e-05,0.0,-5.7273360851e-06,1.52844358982e-05,0.0228660163002,0.00915417515659,0.00384558515513,0.0,411.76677713013254,412.106744304486,411.0606457022207,411.87085343476707
0.12000000000000001,-3.52384704319e-06,7.74898327274e-06,10.0068842978,0.000666167889094,0.000626242652525,0.0,-0.000154729917729,0.000293978137286,0.183731105742,0.00500433375057,0.0179861939493,0.0,455.4662540372985,456.5954629678955,455.74721661217893,455.4153544490465
0.18,-3.14222463182e-05,4.16228689764e-05,10.0224848116,0.00114636593422,0.00193271155358,0.0,-0.000907149172536,0.000878616733668,0.336252602364,0.0134122580495,0.0284397381696,0.0,453.7332324009783,454.57154982745783,452.12905252035176,452.80572079810764
0.23999999999999996,-0.000143746166803,0.000127361478289,10.0505818758,0.00173009737318,0.00392427906113,0.0,-0.00307200322652,0.00206847647086,0.600214126687,0.00109832040016,0.0413156632395,0.0,486.61497356484836,487.5780429788917,485.97429343065266,485.0504409476672
0.3,-0.000413919254936,0.000285986658867,10.088490599,0.00220404087355,0.00656181771228,0.0,-0.00618106508933,0.00324756645661,0.663373781789,0.0188691619715,0.0487798265468,0.0,425.19142326453414,425.8314937423847,424.60648724028584,426.12800967932327
0.36000000000000004,-0.000955053973457,0.000538820721435,10.1346099865,0.00289390341869,0.00913801679968,0.0,-0.0121859162417,0.00529615251069,0.873799024131,-0.0103697815381,0.0274699564894,0.0,472.3761667017015,470.7311040628422,471.820188419857,469.55763830494163
0.4200000000000001,-0.00187326878941,0.000911560198554,10.1891632541,0.00226983030058,0.0110262071622,0.0,-0.0185944198964,0.00706746649963,0.94458545601,-0.0104641669133,0.0384614554328,0.0,428.4698714669786,429.40357240350704,427.7297298703185,427.7218123195339
0.48000000000000015,-0.00324722234864,0.00138403800462,10.2506480471,0.00169147272141,0.0139885524519,0.0,-0.0275012892445,0.00861464186535,1.10476277935,-0.00803856181213,0.0652211506812,0.0,455.3446258926525,457.4814241403446,456.5358251895499,456.7294234675965
0.5400000000000001,-0.00528094022421,0.00194291957657,10.3253375225,0.00140939968235,0.0180437140773,0.0,-0.0407978577519,0.00996601849237,1.38458239597,0.00125418777657,0.071937609913,0.0,492.4928134949827,492.9922071327502,490.7008077756984,491.3901673353293
0.6000000000000002,-0.0080998866164,0.00256882243319,10.410447254,0.00123675415514,0.0222829251173,0.0,-0.0535814886547,0.0108941397739,1.45231631432,-0.0127832800312,0.0679545587916,0.0,429.8170001386207,429.48334351106547,427.9542471021482,426.7578895758718
0.6600000000000003,-0.0118162274417,0.00324620598371,10.5016884652,0.000326053203379,0.0264040650661,0.0,-0.0707327542135,0.0115955317639,1.58886649815,-0.0204592726938,0.0701084734646,0.0,450.161070177303,450.3388119293748,451.02416503046135,450.40394608919235
0.7200000000000003,-0.0166863482724,0.00394426644286,10.6023582809,6.28186405057,0.0312197436997,0.0,-0.0921155905865,0.0115169526847,1.76652105591,-0.0475678899332,0.0952777380612,0.0,462.7009124669776,464.682685997887,464.18723268687717,462.05490172985157
0.7800000000000004,-0.0229351765306,0.00459390155006,10.7130120829,6.27884243531,0.0376908466371,0.0,-0.11685031387,0.00981519916907,1.92166620165,-0.0566266766702,0.12541426808,0.0,455.64952169212313,458.06168521570925,457.8882366809503,457.16550879571804
0.8400000000000004,-0.0306920584197,0.00508809548151,10.8297276647,6.27559364488,0.0450150435925,0.0,-0.14240943217,0.00634593617441,1.96874105016,-0.0495995247633,0.114372670579,0.0,424.6540757358467,423.7201218622308,422.77345381681675,423.3763303438884
0.9000000000000005,-0.0402309314349,0.00529395699948,10.9516591711,6.27240425421,0.0517542290684,0.0,-0.176263584826,0.000192944199607,2.09537854528,-0.0614347196424,0.10786495053,0.0,448.8308976294172,448.3135150979913,450.46107479005616,449.50118589744415
0.9600000000000005,-0.0520186860596,0.00504347374855,11.0825802481,6.26835258232,0.0584420212945,0.0,-0.217387429907,-0.00896962739849,2.26828013101,-0.0839193748064,0.117826773958,0.0,462.4281091801959,463.22253771997805,465.9842383148412,464.21992884759493
1.0200000000000005,-0.0664448886798,0.00414083837113,11.2241287452,6.26314991796,0.0655345911718,0.0,-0.264271428864,-0.0216942558718,2.44956656004,-0.0929735163505,0.118963453073,0.0,466.0661519148558,466.16681983448944,468.79047921677153,468.08060065001354
1.0800000000000005,-0.0835674814806,0.00244093463638,11.3723453136,6.25715847719,0.0727417301582,0.0,-0.30714551921,-0.0355004368938,2.49083095124,-0.119454049846,0.122333211415,0.0,424.7111539121217,425.0137936524685,425.0209103228054,422.7357053291484
1.1400000000000006,-0.103522881468,-0.000251356908632,11.5246862927,6.24961336456,0.0799479521453,0.0,-0.358757386674,-0.0549761797867,2.58690083624,-0.142919959053,0.115228688011,0.0,442.9456474566476,442.3740615813512,443.112196037468,441.1640120974743
1.2000000000000006,-0.126625041041,-0.00423031078302,11.6815874546,6.24115108009,0.0866004310866,0.0,-0.411954790644,-0.078461805605,2.64291274464,-0.137521383164,0.100324254615,0.0,431.97142821730125,430.7239515179543,428.87933621157805,429.3183113742352
1.2600000000000007,-0.153194379943,-0.00985434230189,11.8435279964,6.23302112029,0.0926440875974,0.0,-0.474294028838,-0.109840372441,2.75472999802,-0.131738233948,0.101521724384,0.0,447.72294023075614,447.8290368532737,449.00473574284206,449.4568975435556
1.3200000000000007,-0.183949097676,-0.0177040478232,12.0155235057,6.22508089163,0.0983067302177,0.0,-0.551526969812,-0.152734651608,2.977754508,-0.133561348158,0.0736098991393,0.0,484.05389873153155,481.95538287000716,482.62599681062846,482.4737860771568
1.3800000000000008,-0.2190010532,-0.0280403587167,12.1961791671,6.21671550936,0.102682991977,0.0,-0.617283496271,-0.192584710581,3.04380907708,-0.154937769229,0.0715590022464,0.0,436.4107176938371,436.2437289421412,437.1332446970219,435.3293605949474
1.4400000000000008,-0.25814835346,-0.0409774925512,12.38138601,6.20742490551,0.10663206424,0.0,-0.688021228235,-0.239559851231,3.12938043235,-0.154655560558,0.0507252970741,0.0,443.7791954570131,442.06888432134895,443.41284126014057,443.41330335650014
1.5000000000000009,-0.301702890983,-0.056982170273,12.5725013247,6.19815772338,0.109171913789,0.0,-0.764068369691,-0.294860829647,3.24067255524,-0.154051542992,0.0147817536854,0.0,453.6529314294203,450.75830597040175,451.87597955046175,451.9025633106884
1.560000000000001,-0.349826611377,-0.0764671789497,12.7699064626,6.18880764456,0.110219912026,0.0,-0.840129413519,-0.355555806764,3.33907802286,-0.159657936992,0.0223577949712,0.0,448.77883306851413,449.3932924493632,449.10127798123625,448.6235426640513
1.620000000000001,-0.402487452904,-0.0997426638634,12.9727282872,6.17909839085,0.111613509414,0.0,-0.915347671374,-0.421222023721,3.42124804183,-0.166534695748,0.0249098127826,0.0,445.30695712682683,445.51572192326455,444.4213644676099,443.832331261866
1.680000000000001,-0.459754214009,-0.127212913342,13.1810032431,6.16887169254,0.112847800394,0.0,-0.993658650169,-0.495442196791,3.52076257489,-0.17969660039,0.0100574914628,0.0,452.1389612637149,450.94071995558386,451.2391289495251,450.1476906841274
1.740000000000001,-0.52212608736,-0.159739363571,13.3985592786,6.15861665798,0.113627335411,0.0,-1.08541777058,-0.589924010578,3.73020917346,-0.157489464263,0.0182960690898,0.0,485.76157440994564,486.37887626868104,483.8181247438606,485.46148380393356
1.8000000000000012,-0.589935110685,-0.198073485526,13.6278484107,6.14893614773,0.114371908226,0.0,-1.17493028194,-0.688881100235,3.91191407533,-0.170430585635,-0.00322207291477,0.0,479.8169533101021,478.1803626968599,479.520582828227,478.51357065394035
1.8600000000000012,-0.662722702238,-0.242090438475,13.8644913509,6.13884272007,0.114137396429,0.0,-1.25128680507,-0.779293160963,3.97574539884,-0.164145319283,-0.0053181379617,0.0,444.5634096570487,444.39168905569244,444.3527771703066,444.84066837313054
1.9200000000000013,-0.740415676152,-0.292140756215,14.1077340777,6.12913174672,0.114434717273,0.0,-1.33842873272,-0.890034268513,4.13152244751,-0.157618848035,0.020113505463,0.0,472.2668858019116,474.22452321931297,474.40181856084905,474.8795934090342
1.9800000000000013,-0.823200831049,-0.348845606379,14.3589772811,6.11928577381,0.1156576331,0.0,-1.42116392542,-1.00104180511,4.24254965586,-0.181986803356,0.0209134028566,0.0,461.9311350683082,461.9941754967988,463.10675551852853,461.16069806248987
2.0400000000000014,-0.911002375076,-0.412453544108,14.6170225065,6.10852600888,0.117376915275,0.0,-1.50566968356,-1.12025860244,4.35817033651,-0.174490455887,0.04082979933,0.0,464.4953931859956,466.0549945453196,464.38566411910284,464.94380484546963
2.1000000000000014,-1.00397734171,-0.483526227305,14.8824393557,6.09790422135,0.119635206016,0.0,-1.5936936907,-1.24983467171,4.48815354784,-0.182656025482,0.0303395372456,0.0,472.3056477772241,471.4963794876171,470.47095295920104,469.80981140504286
2.1600000000000015,-1.10298566927,-0.563685070287,15.161306541,6.08649234253,0.121877231214,0.0,-1.70670273842,-1.42332886081,4.80557210186,-0.212843426716,0.0486312829734,0.0,525.6230711765762,526.8897080477097,528.285938615884,526.170204944132
2.2200000000000015,-1.20767333067,-0.65268730071,15.4497968478,6.07381168124,0.125035968471,0.0,-1.78315752864,-1.54449041662,4.81029554952,-0.20850802662,0.0596582630243,0.0,436.6751937369395,437.596057811295,437.04191294919207,437.3583333736922
2.2800000000000016,-1.31736425434,-0.749768999651,15.7412358998,6.06145789335,0.128572124425,0.0,-1.87351615719,-1.69268421052,4.90337369318,-0.20113492507,0.0574513138408,0.0,466.56210874220335,466.39199285644395,466.21123938161384,466.7475520244879
2.3400000000000016,-1.43248242996,-0.855868825804,16.0376435185,6.0491871455,0.132217777046,0.0,-1.96406261866,-1.84503848461,4.97597116805,-0.212291999518,0.0666692007968,0.0,462.3392326892197,463.06747683175627,462.0191423541885,461.0989642300553
2.4000000000000017,-1.55239249251,-0.970090847877,16.3330831528,6.03659304487,0.136610210425,0.0,-2.03331010586,-1.96333429496,4.87197302449,-0.2055121585,0.0838243864252,0.0,404.0681989697622,405.61673663926643,404.81643740009974,405.3780700732236
2.4600000000000017,-1.67712408927,-1.09264939786,16.6263794297,6.02411658078,0.141298723954,0.0,-2.12483714012,-2.1229807798,4.90375250807,-0.213294444221,0.0632613661096,0.0,452.6930336286044,451.0397116196313,451.3430904064872,450.6725105711243
2.520000000000002,-1.80729943722,-1.22476866194,16.9205611648,6.01152302536,0.145447610729,0.0,-2.21468619796,-2.28202461138,4.90162898925,-0.203844317826,0.0788826742479,0.0,441.30225714177186,442.59363003727816,441.9517630706848,442.68642781842846
2.580000000000002,-1.94237101034,-1.36558837718,17.2107521973,5.99916359357,0.150516947408,0.0,-2.28812180624,-2.41289681345,4.77137951026,-0.210662372151,0.0938324349743,0.0,397.8105482480651,399.18406738054836,399.6225666901194,398.95340265734814
2.640000000000002,-2.08232611726,-1.51516739353,17.495554043,5.98683303624,0.155727988132,0.0,-2.37751419841,-2.57403907705,4.7214830234,-0.196816765147,0.0668173654288,0.0,429.57615552386426,427.28505472638943,426.5790022234339,427.71635178241473
2.700000000000002,-2.22840466802,-1.67586465722,17.7813440868,5.9753060552,0.15978004809,0.0,-2.4920952934,-2.78346711445,4.80358561904,-0.184080959114,0.0689303511348,0.0,473.53533345840026,473.7009818687179,470.94448759842163,471.8949163155766
2.760000000000002,-2.3807225361,-1.84798801282,18.0676776013,5.96455032334,0.163729123841,0.0,-2.58551977769,-2.95482210494,4.7403804278,-0.171052353028,0.0587292554638,0.0,426.994375077137,426.12643646171955,427.18215919578023,428.2593608439616
2.820000000000002,-2.53917210678,-2.03142776431,18.3527404128,5.9553116341,0.166719734995,0.0,-2.69640380255,-3.16056348645,4.76076283288,-0.132347559452,0.0187822919628,0.0,458.39975975682387,455.21498381492273,454.8191817112155,457.8861096362764
2.880000000000002,-2.70365802211,-2.22608804835,18.6351572472,5.94737209484,0.167945493477,0.0,-2.78662557894,-3.32878458726,4.65296539659,-0.13228192792,0.0235348263087,0.0,414.4614034824383,414.8789971059901,414.1406525787923,414.12892544103175
2.940000000000002,-2.87446380892,-2.43267634207,18.9159136763,5.9391548512,0.168929631738,0.0,-2.90695403997,-3.55807090184,4.70447610685,-0.148469867518,-0.00433484079376,0.0,470.58530830191313,468.42256847485,469.5650487112744,468.29083457612745
3.000000000000002,-3.05236096638,-2.65289126793,19.1988295036,5.9298730109,0.168894657985,0.0,-3.02289554003,-3.78311167065,4.72506051389,-0.171584789794,0.00602684258371,0.0,462.1742176011736,462.9903401538148,461.5485010749992,459.69799261839705
3.0600000000000023,-3.23795179826,-2.88827179162,19.4868633257,5.91944458582,0.169690716267,0.0,-3.16335211474,-4.06361087602,4.87415595213,-0.178662259546,0.0248093023381,0.0,503.4542072459995,504.81147792352806,504.62992495642067,504.0935163728793
3.1200000000000023,-3.43017706057,-3.13691825424,19.7737710947,5.90905634934,0.172138027686,0.0,-3.24442873546,-4.22548741212,4.68947767554,-0.163914232714,0.0615140292395,0.0,394.05281922954714,397.43327011778666,394.4725734192322,395.7993799351231
3.1800000000000024,-3.62875045187,-3.39843930471,20.0571699643,5.89929897048,0.175509383647,0.0,-3.37491698105,-4.49250990383,4.75554858193,-0.160161236217,0.0425467140555,0.0,484.1377973175423,482.71009631649156,482.39117410053126,482.6516456479899
3.2400000000000024,-3.83422865259,-3.67406938511,20.339190379,5.88988007502,0.177957060212,0.0,-3.47460174532,-4.69592429006,4.64462751273,-0.151286414317,0.0370385680565,0.0,427.08764165011763,426.6184042940192,426.07860338627455,426.81232678266196
3.3000000000000025,-4.04633707659,-3.96333990675,20.6175296767,5.8809422658,0.180226667321,0.0,-3.59582809497,-4.94705070546,4.63218032422,-0.144686097151,0.0393580152759,0.0,462.6761861459678,462.85942329348813,461.2452879820817,461.74640793284345
3.3600000000000025,-4.26634954591,-4.26909189062,20.8979034123,5.87216509658,0.182579401369,0.0,-3.73799638396,-5.2451489563,4.71176895914,-0.149690990311,0.0389191397824,0.0,494.97976250574254,494.9480514056496,494.45148592175565,494.0648573543515
3.4200000000000026,-4.49410486378,-4.59108665296,21.1787079439,5.86378122726,0.185001371059,0.0,-3.85403445719,-5.48864662367,4.64742244361,-0.124937055161,0.0431129010112,0.0,450.35107649322146,450.69106655135243,450.91334089824284,452.8909231189136
3.4800000000000026,-4.72914651051,-4.92843317462,21.4568447925,5.856780711,0.187245571449,0.0,-3.98084366699,-5.75670768913,4.62258060635,-0.10386527659,0.022418522594,0.0,466.84143338107395,465.2240257272611,466.8915396302924,468.5213564185726
3.5400000000000027,-4.97154316669,-5.28134600127,21.7319134247,5.85039103968,0.18866667421,0.0,-4.09916840992,-6.00757375041,4.54551984397,-0.112347776186,0.0261045836255,0.0,452.14126607194044,452.4382679954455,451.4884218215067,450.7935220205278
3.6000000000000028,-5.22056974203,-5.64832904181,21.9998302653,5.84341174928,0.190187467765,0.0,-4.20193793444,-6.22591092897,4.38467409351,-0.125759395575,0.0237859172821,0.0,423.21747302722116,423.01793832283215,424.7136038606182,423.5484216315535
3.660000000000003,-5.47630283925,-6.02966075364,22.2603459004,5.83593255878,0.19150526642,0.0,-4.32261724895,-6.48575557906,4.29820475043,-0.122529840918,0.0180437066409,0.0,451.4667786640443,451.0031022167933,451.75560122961076,452.00217431680267
3.720000000000003,-5.73961962186,-6.42742052588,22.516958667,5.82887066077,0.193414819823,0.0,-4.45468897834,-6.77339966869,4.25421703874,-0.109465794839,0.0505702944132,0.0,467.00677836975416,469.53797956774974,468.30730987748086,469.3109153191955
3.780000000000003,-6.01067186691,-6.84205273798,22.7696746651,5.82225769733,0.196089215971,0.0,-4.58060359574,-7.04820060936,4.16852292868,-0.111759051472,0.0285384592014,0.0,457.4152040605956,455.65779771046044,458.14793929392096,457.95517145742787
3.840000000000003,-6.28901271565,-7.27260122807,23.0156556904,5.81650026835,0.197964742823,0.0,-4.69762312643,-7.30406550021,4.03008838874,-0.0753932292165,0.0362082681438,0.0,440.1281014939032,440.76297520727053,440.33495817058724,443.32537546168305
3.900000000000003,-6.5751424064,-7.72025145993,23.2563983318,5.81221398297,0.200487317717,0.0,-4.8401600289,-7.61789952066,3.99319727717,-0.0645174244166,0.0517075300844,0.0,477.9672917712144,479.14818672701915,477.81177473413504,478.63685507277836
3.960000000000003,-6.86945309516,-8.1858909579,23.4928693631,5.80811564601,0.204182382145,0.0,-4.97047123644,-7.90386747578,3.88810715871,-0.077222856992,0.0762936650973,0.0,456.7427058371626,458.70241175742444,459.4155001851052,458.403248881672
4.020000000000002,-7.17179480599,-8.66911199974,23.7234509749,5.80359403677,0.20953535309,0.0,-5.10794504391,-8.20391108487,3.79660379135,-0.0718751193072,0.107125606926,0.0,464.7281781910306,467.14524096213455,465.33628058486175,465.7506586001187
4.080000000000001,-7.48172553508,-9.16881735608,23.9451951774,5.79887026094,0.21619344725,0.0,-5.22360315441,-8.45366011829,3.59423460233,-0.0982045210049,0.117713057111,0.0,427.87003184115844,428.78210552308127,430.43897544670585,428.19862925433455
4.14,-7.79876023019,-9.68377950757,24.154886082,5.79313099265,0.223217816563,0.0,-5.34474927729,-8.71249511229,3.39461153304,-0.090991592037,0.115761863791,0.0,431.7864459076283,431.6344718685929,431.4027969364267,432.00351993702077
4.199999999999998,-8.12374558299,-10.2156123016,24.3546465036,5.78727404944,0.230177202097,0.0,-5.48856844617,-9.01580555179,3.26260660155,-0.116107477415,0.11644127754,0.0,458.50259179612914,458.5681599594465,459.9911643825028,457.9890373561714
4.259999999999997,-8.45682104368,-10.7644771752,24.5438189787,5.78047645527,0.237217135886,0.0,-5.61445979102,-9.28053372963,3.04217570441,-0.108191766271,0.119055518236,0.0,429.96704104689456,430.20138259354303,429.16510895526847,429.82476283062545
4.319999999999996,-8.79791839197,-11.3301201829,24.7208778152,5.77387892483,0.244415933726,0.0,-5.75593629071,-9.57495369355,2.85842311035,-0.113746861581,0.121765875118,0.0,446.3786738169273,446.6127647678325,446.12383844230493,445.65920317996995
4.379999999999995,-9.14919060138,-11.9166711089,24.8921551966,5.76703656595,0.251307946847,0.0,-5.95343726538,-9.97689093572,2.84787657702,-0.114630185453,0.0952066144589,0.0,511.1643001938315,509.27714298080673,509.6317880664818,509.5588658755218
4.439999999999993,-9.51157977169,-12.5258714649,25.0595689072,5.75997011347,0.257059544803,0.0,-6.12647166327,-10.3302983827,2.73040248312,-0.124941768599,0.0971347186111,0.0,481.35735900660296,481.510345686466,479.7165136748981,478.9211858403712
4.499999999999992,-9.88339026945,-13.1544581122,25.2161611389,5.75295158244,0.262518970281,0.0,-6.2676197994,-10.6235348167,2.48805616388,-0.104528572554,0.0744085259297,0.0,440.3563328823127,438.47846138587386,439.8878548771804,441.56302233651945
4.559999999999991,-10.264257866,-13.8017910891,25.3595850458,5.74666048878,0.266700950954,0.0,-6.42823768907,-10.9550398076,2.29105796703,-0.105504935838,0.0580604731645,0.0,461.5254406748493,460.2362785150561,459.8290366017222,459.74246232292643
4.6199999999999894,-10.6546605814,-14.4688967699,25.4903669314,5.7405807739,0.270329590205,0.0,-6.58544823773,-11.2827548852,2.06678064666,-0.0940714310764,0.0649172040737,0.0,453.5528562971022,454.1059274848492,454.54532214238935,455.45233555852855
4.679999999999988,-11.0549832926,-15.1566626814,25.6087058469,5.73464226537,0.274056983314,0.0,-6.75883903203,-11.6435791498,1.87587168652,-0.111225768446,0.0558533798512,0.0,472.13390599539395,471.4363309687048,470.2892681375909,468.9501473298492
4.739999999999987,-11.4643452441,-15.8636491861,25.7109431724,5.72872373758,0.276999702844,0.0,-6.88701383313,-11.9241005796,1.53122675659,-0.081069510689,0.0297619278958,0.0,417.04067275302407,414.7559444947541,415.4466049254734,418.0739318919508
4.799999999999986,-11.8823470638,-16.5893610001,25.7949036055,5.72361137552,0.279133251078,0.0,-7.04662733343,-12.2675029244,1.26595203834,-0.0951173221212,0.0451723345079,0.0,449.5115797886046,450.75967800743626,450.631728802741,449.48830378697227
4.859999999999984,-12.309717333,-17.3354435074,25.8618631265,5.71807744807,0.281665266369,0.0,-7.19936739653,-12.603278035,0.964576878904,-0.0870130080842,0.0354741102307,0.0,440.91931014282306,440.1179862168894,439.60242614712496,440.2664559577112
4.919999999999983,-12.7469018014,-18.1030397798,25.912149253,5.71241461333,0.283671083846,0.0,-7.37361810017,-12.9844732039,0.709626857629,-0.116199663968,0.0289935355263,0.0,462.1291389823897,461.61822093701744,463.29300777056153,460.9838674510532
4.979999999999982,-13.1935207622,-18.8918076109,25.9436877984,5.70503215997,0.286140707288,0.0,-7.514058595,-13.3094749928,0.340283818847,-0.142446028961,0.0583214145763,0.0,421.1346131029825,423.6658363907903,423.52394279811,421.24425468350074
5.0399999999999805,-13.6488939338,-19.7008828434,25.953476552,5.69615761109,0.289834215876,0.0,-7.66535055502,-13.6612503949,-0.0159485610488,-0.16200825761,0.0673504918439,0.0,432.396478294181,433.1595927726481,432.3440679773957,430.6703363831877
